raw-file=ballno.raw
resolution=67x67x67
sample-type=unsigned char
voxel-size=0.030000:0.030000:0.030000
endian=little
Min=-1.002000:-1.002000:-1.002000
Max=1.002000:1.002000:1.002000
AIR=0
SKIN6=255
SKIN18=254
SKIN26=253
MODEL=252
